559
-0.019 0.4904 0.0957 / -0.00928262 0.995145 0.0979836 / -0.186522 0.0945449 -0.977891 / -0.1938 -0.0979203 0.976142 / 0.0313 0.0625 / 1 1 1 1
-0 0.4904 0.0975 / -0.00928262 0.995145 0.0979836 / -0.186522 0.0945449 -0.977891 / -0.1938 -0.0979203 0.976142 / 0 0.0625 / 1 1 1 1
0 0.5 -0 / -0.00928262 0.995145 0.0979836 / -0.186522 0.0945449 -0.977891 / -0.1938 -0.0979203 0.976142 / 0 0 / 1 1 1 1
-0.0373 0.4904 0.0901 / -0.0287984 0.995145 0.0941091 / 0.00630166 0.094327 -0.995521 / -0.380663 -0.0979723 0.919509 / 0.0625 0.0625 / 1 1 1 1
0 0.5 -0 / -0.0287984 0.995145 0.0941091 / 0.00630166 0.094327 -0.995521 / -0.380663 -0.0979723 0.919509 / 0.0313 0 / 1 1 1 1
-0.0542 0.4904 0.0811 / -0.0462661 0.995144 0.0868776 / 0.201289 0.0944742 -0.974965 / -0.552975 -0.097944 0.827421 / 0.0938 0.0625 / 1 1 1 1
0 0.5 -0 / -0.0462661 0.995144 0.0868776 / 0.201289 0.0944742 -0.974965 / -0.552975 -0.097944 0.827421 / 0.0625 0 / 1 1 1 1
-0.069 0.4904 0.069 / -0.0622793 0.995147 0.0761762 / 0.387109 0.0944348 -0.917185 / -0.703709 -0.0979076 0.703709 / 0.125 0.0625 / 1 1 1 1
0 0.5 -0 / -0.0622793 0.995147 0.0761762 / 0.387109 0.0944348 -0.917185 / -0.703709 -0.0979076 0.703709 / 0.0938 0 / 1 1 1 1
-0.0811 0.4904 0.0542 / -0.0761763 0.995147 0.0622793 / 0.559712 0.094369 -0.823297 / -0.827421 -0.097944 0.552975 / 0.1563 0.0625 / 1 1 1 1
0 0.5 -0 / -0.0761763 0.995147 0.0622793 / 0.559712 0.094369 -0.823297 / -0.827421 -0.097944 0.552975 / 0.125 0 / 1 1 1 1
-0.0901 0.4904 0.0373 / -0.0868776 0.995144 0.0462661 / 0.708444 0.094366 -0.69943 / -0.919509 -0.0979723 0.380663 / 0.1875 0.0625 / 1 1 1 1
0 0.5 -0 / -0.0868776 0.995144 0.0462661 / 0.708444 0.094366 -0.69943 / -0.919509 -0.0979723 0.380663 / 0.1563 0 / 1 1 1 1
-0.0957 0.4904 0.019 / -0.0941091 0.995145 0.0287984 / 0.831327 0.0944668 -0.547697 / -0.976142 -0.0979203 0.1938 / 0.2187 0.0625 / 1 1 1 1
0 0.5 -0 / -0.0941091 0.995145 0.0287984 / 0.831327 0.0944668 -0.547697 / -0.976142 -0.0979203 0.1938 / 0.1875 0 / 1 1 1 1
-0.0975 0.4904 -0 / -0.0979836 0.995145 0.00928261 / 0.92305 0.0943637 -0.372926 / -0.995188 -0.0979879 -0 / 0.25 0.0625 / 1 1 1 1
0 0.5 -0 / -0.0979836 0.995145 0.00928261 / 0.92305 0.0943637 -0.372926 / -0.995188 -0.0979879 -0 / 0.2187 0 / 1 1 1 1
-0.0957 0.4904 -0.019 / -0.0979836 0.995145 -0.00928262 / 0.977677 0.0945133 -0.187657 / -0.976142 -0.0979203 -0.1938 / 0.2812 0.0625 / 1 1 1 1
0 0.5 -0 / -0.0979836 0.995145 -0.00928262 / 0.977677 0.0945133 -0.187657 / -0.976142 -0.0979203 -0.1938 / 0.25 0 / 1 1 1 1
-0.0901 0.4904 -0.0373 / -0.0941091 0.995145 -0.0287984 / 0.99551 0.0943593 0.0074551 / -0.919509 -0.0979723 -0.380663 / 0.3125 0.0625 / 1 1 1 1
0 0.5 -0 / -0.0941091 0.995145 -0.0287984 / 0.99551 0.0943593 0.0074551 / -0.919509 -0.0979723 -0.380663 / 0.2812 0 / 1 1 1 1
-0.0811 0.4904 -0.0542 / -0.0868776 0.995144 -0.0462661 / 0.975202 0.0944422 0.200156 / -0.827421 -0.097944 -0.552975 / 0.3437 0.0625 / 1 1 1 1
0 0.5 -0 / -0.0868776 0.995144 -0.0462661 / 0.975202 0.0944422 0.200156 / -0.827421 -0.097944 -0.552975 / 0.3125 0 / 1 1 1 1
-0.069 0.4904 -0.069 / -0.0761762 0.995147 -0.0622792 / 0.916733 0.0944667 0.388172 / -0.703709 -0.0979075 -0.703709 / 0.375 0.0625 / 1 1 1 1
0 0.5 -0 / -0.0761762 0.995147 -0.0622792 / 0.916733 0.0944667 0.388172 / -0.703709 -0.0979075 -0.703709 / 0.3437 0 / 1 1 1 1
-0.0542 0.4904 -0.0811 / -0.0622793 0.995147 -0.0761762 / 0.823296 0.094369 0.559712 / -0.552975 -0.097944 -0.827421 / 0.4063 0.0625 / 1 1 1 1
0 0.5 -0 / -0.0622793 0.995147 -0.0761762 / 0.823296 0.094369 0.559712 / -0.552975 -0.097944 -0.827421 / 0.375 0 / 1 1 1 1
-0.0373 0.4904 -0.0901 / -0.0462661 0.995144 -0.0868776 / 0.69943 0.094366 0.708444 / -0.380663 -0.0979723 -0.919509 / 0.4375 0.0625 / 1 1 1 1
0 0.5 -0 / -0.0462661 0.995144 -0.0868776 / 0.69943 0.094366 0.708444 / -0.380663 -0.0979723 -0.919509 / 0.4063 0 / 1 1 1 1
-0.019 0.4904 -0.0957 / -0.0287984 0.995145 -0.0941091 / 0.546729 0.0944987 0.83196 / -0.1938 -0.0979203 -0.976142 / 0.4688 0.0625 / 1 1 1 1
0 0.5 -0 / -0.0287984 0.995145 -0.0941091 / 0.546729 0.0944987 0.83196 / -0.1938 -0.0979203 -0.976142 / 0.4375 0 / 1 1 1 1
0 0.4904 -0.0975 / -0.00928261 0.995145 -0.0979836 / 0.373993 0.0943315 0.922622 / 0 -0.0979879 -0.995188 / 0.5 0.0625 / 1 1 1 1
0 0.5 -0 / -0.00928261 0.995145 -0.0979836 / 0.373993 0.0943315 0.922622 / 0 -0.0979879 -0.995188 / 0.4688 0 / 1 1 1 1
0.019 0.4904 -0.0957 / 0.00928262 0.995145 -0.0979836 / 0.186522 0.0945449 0.977891 / 0.1938 -0.0979203 -0.976142 / 0.5313 0.0625 / 1 1 1 1
0 0.5 -0 / 0.00928262 0.995145 -0.0979836 / 0.186522 0.0945449 0.977891 / 0.1938 -0.0979203 -0.976142 / 0.5 0 / 1 1 1 1
0.0373 0.4904 -0.0901 / 0.0287984 0.995145 -0.0941091 / -0.00630155 0.094327 0.995521 / 0.380663 -0.0979723 -0.919509 / 0.5625 0.0625 / 1 1 1 1
0 0.5 -0 / 0.0287984 0.995145 -0.0941091 / -0.00630155 0.094327 0.995521 / 0.380663 -0.0979723 -0.919509 / 0.5313 0 / 1 1 1 1
0.0542 0.4904 -0.0811 / 0.0462661 0.995144 -0.0868776 / -0.201289 0.0944742 0.974965 / 0.552975 -0.097944 -0.827421 / 0.5938 0.0625 / 1 1 1 1
0 0.5 -0 / 0.0462661 0.995144 -0.0868776 / -0.201289 0.0944742 0.974965 / 0.552975 -0.097944 -0.827421 / 0.5625 0 / 1 1 1 1
0.069 0.4904 -0.069 / 0.0622793 0.995147 -0.0761762 / -0.387109 0.0944348 0.917185 / 0.703709 -0.0979076 -0.703709 / 0.625 0.0625 / 1 1 1 1
0 0.5 -0 / 0.0622793 0.995147 -0.0761762 / -0.387109 0.0944348 0.917185 / 0.703709 -0.0979076 -0.703709 / 0.5938 0 / 1 1 1 1
0.0811 0.4904 -0.0542 / 0.0761762 0.995147 -0.0622793 / -0.559712 0.094369 0.823296 / 0.827421 -0.097944 -0.552975 / 0.6563 0.0625 / 1 1 1 1
0 0.5 -0 / 0.0761762 0.995147 -0.0622793 / -0.559712 0.094369 0.823296 / 0.827421 -0.097944 -0.552975 / 0.625 0 / 1 1 1 1
0.0901 0.4904 -0.0373 / 0.0868776 0.995144 -0.0462661 / -0.708444 0.094366 0.69943 / 0.919509 -0.0979723 -0.380663 / 0.6875 0.0625 / 1 1 1 1
0 0.5 -0 / 0.0868776 0.995144 -0.0462661 / -0.708444 0.094366 0.69943 / 0.919509 -0.0979723 -0.380663 / 0.6563 0 / 1 1 1 1
0.0957 0.4904 -0.019 / 0.0941091 0.995145 -0.0287984 / -0.83196 0.0944987 0.546729 / 0.976142 -0.0979203 -0.1938 / 0.7188 0.0625 / 1 1 1 1
0 0.5 -0 / 0.0941091 0.995145 -0.0287984 / -0.83196 0.0944987 0.546729 / 0.976142 -0.0979203 -0.1938 / 0.6875 0 / 1 1 1 1
0.0975 0.4904 -0 / 0.0979836 0.995145 -0.00928261 / -0.922622 0.0943315 0.373993 / 0.995188 -0.0979879 0 / 0.75 0.0625 / 1 1 1 1
0 0.5 -0 / 0.0979836 0.995145 -0.00928261 / -0.922622 0.0943315 0.373993 / 0.995188 -0.0979879 0 / 0.7188 0 / 1 1 1 1
0.0957 0.4904 0.019 / 0.0979836 0.995145 0.00928262 / -0.977891 0.0945449 0.186522 / 0.976142 -0.0979203 0.1938 / 0.7813 0.0625 / 1 1 1 1
0 0.5 -0 / 0.0979836 0.995145 0.00928262 / -0.977891 0.0945449 0.186522 / 0.976142 -0.0979203 0.1938 / 0.75 0 / 1 1 1 1
0.0901 0.4904 0.0373 / 0.0941091 0.995145 0.0287984 / -0.995521 0.094327 -0.00630155 / 0.919509 -0.0979723 0.380663 / 0.8125 0.0625 / 1 1 1 1
0 0.5 -0 / 0.0941091 0.995145 0.0287984 / -0.995521 0.094327 -0.00630155 / 0.919509 -0.0979723 0.380663 / 0.7813 0 / 1 1 1 1
0.0811 0.4904 0.0542 / 0.0868776 0.995144 0.0462661 / -0.974965 0.0944742 -0.201289 / 0.827421 -0.097944 0.552975 / 0.8438 0.0625 / 1 1 1 1
0 0.5 -0 / 0.0868776 0.995144 0.0462661 / -0.974965 0.0944742 -0.201289 / 0.827421 -0.097944 0.552975 / 0.8125 0 / 1 1 1 1
0.069 0.4904 0.069 / 0.0761762 0.995147 0.0622793 / -0.917185 0.0944348 -0.387109 / 0.703709 -0.0979076 0.703709 / 0.875 0.0625 / 1 1 1 1
0 0.5 -0 / 0.0761762 0.995147 0.0622793 / -0.917185 0.0944348 -0.387109 / 0.703709 -0.0979076 0.703709 / 0.8438 0 / 1 1 1 1
0.0542 0.4904 0.0811 / 0.0622793 0.995147 0.0761762 / -0.823296 0.094369 -0.559712 / 0.552975 -0.097944 0.827421 / 0.9063 0.0625 / 1 1 1 1
0 0.5 -0 / 0.0622793 0.995147 0.0761762 / -0.823296 0.094369 -0.559712 / 0.552975 -0.097944 0.827421 / 0.875 0 / 1 1 1 1
0.0373 0.4904 0.0901 / 0.0462661 0.995144 0.0868776 / -0.69943 0.094366 -0.708444 / 0.380663 -0.0979723 0.919509 / 0.9375 0.0625 / 1 1 1 1
0 0.5 -0 / 0.0462661 0.995144 0.0868776 / -0.69943 0.094366 -0.708444 / 0.380663 -0.0979723 0.919509 / 0.9063 0 / 1 1 1 1
0.019 0.4904 0.0957 / 0.0287984 0.995145 0.0941091 / -0.546729 0.0944987 -0.83196 / 0.1938 -0.0979203 0.976142 / 0.9688 0.0625 / 1 1 1 1
0 0.5 -0 / 0.0287984 0.995145 0.0941091 / -0.546729 0.0944987 -0.83196 / 0.1938 -0.0979203 0.976142 / 0.9375 0 / 1 1 1 1
-0 0.4904 0.0975 / 0.00928261 0.995145 0.0979836 / -0.373993 0.0943315 -0.922622 / -0 -0.0979879 0.995188 / 1 0.0625 / 1 1 1 1
0 0.5 -0 / 0.00928261 0.995145 0.0979836 / -0.373993 0.0943315 -0.922622 / -0 -0.0979879 0.995188 / 0.9688 0 / 1 1 1 1
-0.0373 0.4619 0.1877 / -0.0280473 0.956433 0.290601 / -0.344043 0.263717 -0.901159 / -0.366824 -0.280281 0.887064 / 0.0313 0.125 / 1 1 1 1
-0 0.4619 0.1913 / -0.0280473 0.956433 0.290601 / -0.344043 0.263717 -0.901159 / -0.366824 -0.280281 0.887064 / 0 0.125 / 1 1 1 1
-0.0732 0.4619 0.1768 / -0.0848339 0.956418 0.279407 / -0.163624 0.263239 -0.950754 / -0.533347 -0.28045 0.798053 / 0.0625 0.125 / 1 1 1 1
-0.1063 0.4619 0.1591 / -0.137647 0.956449 0.257408 / 0.0268543 0.26339 -0.964316 / -0.67875 -0.280353 0.67875 / 0.0938 0.125 / 1 1 1 1
-0.1353 0.4619 0.1353 / -0.185249 0.956416 0.225723 / 0.212516 0.263254 -0.941028 / -0.798053 -0.28045 0.533347 / 0.125 0.125 / 1 1 1 1
-0.1591 0.4619 0.1063 / -0.225802 0.956385 0.185313 / 0.393794 0.263602 -0.880591 / -0.886854 -0.280525 0.367144 / 0.1563 0.125 / 1 1 1 1
-0.1768 0.4619 0.0732 / -0.25749 0.95642 0.137691 / 0.556506 0.263273 -0.788028 / -0.941511 -0.280387 0.186925 / 0.1875 0.125 / 1 1 1 1
-0.1877 0.4619 0.0373 / -0.279292 0.956454 0.0847991 / 0.69972 0.263209 -0.664164 / -0.959912 -0.280302 -0 / 0.2187 0.125 / 1 1 1 1
-0.1913 0.4619 -0 / -0.290696 0.956404 0.0280565 / 0.817121 0.263404 -0.512768 / -0.941399 -0.280647 -0.187098 / 0.25 0.125 / 1 1 1 1
-0.1877 0.4619 -0.0373 / -0.290601 0.956433 -0.0280472 / 0.900513 0.263466 -0.345922 / -0.887064 -0.280281 -0.366824 / 0.2812 0.125 / 1 1 1 1
-0.1768 0.4619 -0.0732 / -0.279407 0.956418 -0.0848339 / 0.95102 0.263491 -0.161657 / -0.798053 -0.28045 -0.533347 / 0.3125 0.125 / 1 1 1 1
-0.1591 0.4619 -0.1063 / -0.257408 0.956449 -0.137647 / 0.964438 0.263137 0.0248725 / -0.67875 -0.280353 -0.67875 / 0.3437 0.125 / 1 1 1 1
-0.1353 0.4619 -0.1353 / -0.225723 0.956416 -0.185249 / 0.940522 0.263506 0.214435 / -0.533347 -0.28045 -0.798053 / 0.375 0.125 / 1 1 1 1
-0.1063 0.4619 -0.1591 / -0.185314 0.956385 -0.225802 / 0.880591 0.263602 0.393794 / -0.367144 -0.280525 -0.886854 / 0.4063 0.125 / 1 1 1 1
-0.0732 0.4619 -0.1768 / -0.137691 0.95642 -0.25749 / 0.788028 0.263273 0.556506 / -0.186925 -0.280387 -0.941511 / 0.4375 0.125 / 1 1 1 1
-0.0373 0.4619 -0.1877 / -0.0847991 0.956454 -0.279292 / 0.662675 0.263461 0.701035 / 0 -0.280302 -0.959912 / 0.4688 0.125 / 1 1 1 1
0 0.4619 -0.1913 / -0.0280565 0.956404 -0.290696 / 0.514481 0.263152 0.816125 / 0.187098 -0.280647 -0.941399 / 0.5 0.125 / 1 1 1 1
0.0373 0.4619 -0.1877 / 0.0280472 0.956433 -0.290601 / 0.344043 0.263717 0.901159 / 0.366824 -0.280281 -0.887064 / 0.5313 0.125 / 1 1 1 1
0.0732 0.4619 -0.1768 / 0.0848339 0.956418 -0.279407 / 0.163624 0.263239 0.950754 / 0.533347 -0.28045 -0.798053 / 0.5625 0.125 / 1 1 1 1
0.1063 0.4619 -0.1591 / 0.137647 0.956449 -0.257408 / -0.0268544 0.26339 0.964316 / 0.67875 -0.280353 -0.67875 / 0.5938 0.125 / 1 1 1 1
0.1353 0.4619 -0.1353 / 0.185249 0.956416 -0.225723 / -0.212515 0.263254 0.941029 / 0.798053 -0.28045 -0.533347 / 0.625 0.125 / 1 1 1 1
0.1591 0.4619 -0.1063 / 0.225802 0.956385 -0.185314 / -0.393794 0.263602 0.880591 / 0.886854 -0.280525 -0.367144 / 0.6563 0.125 / 1 1 1 1
0.1768 0.4619 -0.0732 / 0.25749 0.95642 -0.137691 / -0.556506 0.263273 0.788028 / 0.941511 -0.280387 -0.186925 / 0.6875 0.125 / 1 1 1 1
0.1877 0.4619 -0.0373 / 0.279292 0.956454 -0.0847991 / -0.701035 0.263461 0.662675 / 0.959912 -0.280302 0 / 0.7188 0.125 / 1 1 1 1
0.1913 0.4619 0 / 0.290696 0.956404 -0.0280565 / -0.816126 0.263152 0.514481 / 0.941399 -0.280647 0.187098 / 0.75 0.125 / 1 1 1 1
0.1877 0.4619 0.0373 / 0.290601 0.956433 0.0280472 / -0.901159 0.263717 0.344043 / 0.887064 -0.280281 0.366824 / 0.7813 0.125 / 1 1 1 1
0.1768 0.4619 0.0732 / 0.279407 0.956418 0.0848339 / -0.950754 0.263239 0.163624 / 0.798053 -0.28045 0.533347 / 0.8125 0.125 / 1 1 1 1
0.1591 0.4619 0.1063 / 0.257408 0.956449 0.137647 / -0.964316 0.26339 -0.0268544 / 0.67875 -0.280353 0.67875 / 0.8438 0.125 / 1 1 1 1
0.1353 0.4619 0.1353 / 0.225723 0.956416 0.185249 / -0.941029 0.263254 -0.212515 / 0.533347 -0.28045 0.798053 / 0.875 0.125 / 1 1 1 1
0.1063 0.4619 0.1591 / 0.185314 0.956385 0.225802 / -0.880591 0.263602 -0.393794 / 0.367144 -0.280525 0.886854 / 0.9063 0.125 / 1 1 1 1
0.0732 0.4619 0.1768 / 0.137691 0.95642 0.25749 / -0.788028 0.263273 -0.556506 / 0.186925 -0.280387 0.941511 / 0.9375 0.125 / 1 1 1 1
0.0373 0.4619 0.1877 / 0.0847991 0.956454 0.279292 / -0.662675 0.263461 -0.701035 / -0 -0.280302 0.959912 / 0.9688 0.125 / 1 1 1 1
-0 0.4619 0.1913 / 0.0280565 0.956404 0.290696 / -0.514481 0.263152 -0.816125 / -0.187098 -0.280647 0.941399 / 1 0.125 / 1 1 1 1
-0.0542 0.4157 0.2724 / -0.0468863 0.8811 0.470599 / -0.465062 0.397689 -0.790924 / -0.502169 -0.428048 0.7514 / 0.0313 0.1875 / 1 1 1 1
-0 0.4157 0.2778 / -0.0468863 0.8811 0.470599 / -0.465062 0.397689 -0.790924 / -0.502169 -0.428048 0.7514 / 0 0.1875 / 1 1 1 1
-0.1063 0.4157 0.2566 / -0.137391 0.880838 0.453044 / -0.304439 0.39769 -0.86554 / -0.639474 -0.42817 0.638548 / 0.0625 0.1875 / 1 1 1 1
-0.1543 0.4157 0.231 / -0.222727 0.880904 0.417613 / -0.127184 0.398456 -0.908326 / -0.7514 -0.428048 0.502169 / 0.0938 0.1875 / 1 1 1 1
-0.1964 0.4157 0.1964 / -0.300413 0.880987 0.365532 / 0.0495563 0.397133 -0.916422 / -0.834985 -0.42815 0.345671 / 0.125 0.1875 / 1 1 1 1
-0.231 0.4157 0.1543 / -0.365618 0.880927 0.300484 / 0.229324 0.398142 -0.888197 / -0.886494 -0.427963 0.176002 / 0.1563 0.1875 / 1 1 1 1
-0.2566 0.4157 0.1063 / -0.417458 0.880999 0.222644 / 0.397544 0.397389 -0.827067 / -0.903681 -0.428206 -0 / 0.1875 0.1875 / 1 1 1 1
-0.2724 0.4157 0.0542 / -0.452993 0.880866 0.137376 / 0.550155 0.397457 -0.73441 / -0.886295 -0.428314 -0.176147 / 0.2187 0.1875 / 1 1 1 1
-0.2778 0.4157 -0 / -0.471091 0.880835 0.0469353 / 0.683762 0.398272 -0.611432 / -0.834985 -0.42815 -0.345671 / 0.25 0.1875 / 1 1 1 1
-0.2724 0.4157 -0.0542 / -0.470599 0.8811 -0.0468863 / 0.789936 0.397042 -0.467288 / -0.7514 -0.428048 -0.502169 / 0.2812 0.1875 / 1 1 1 1
-0.2566 0.4157 -0.1063 / -0.453044 0.880838 -0.137391 / 0.866076 0.398337 -0.302059 / -0.638548 -0.42817 -0.639474 / 0.3125 0.1875 / 1 1 1 1
-0.231 0.4157 -0.1543 / -0.417613 0.880904 -0.222727 / 0.908265 0.39781 -0.129623 / -0.502169 -0.428048 -0.7514 / 0.3437 0.1875 / 1 1 1 1
-0.1964 0.4157 -0.1964 / -0.365532 0.880987 -0.300414 / 0.916008 0.39778 0.0519571 / -0.345671 -0.42815 -0.834985 / 0.375 0.1875 / 1 1 1 1
-0.1543 0.4157 -0.231 / -0.300484 0.880927 -0.365618 / 0.888197 0.398142 0.229324 / -0.176002 -0.427963 -0.886494 / 0.4063 0.1875 / 1 1 1 1
-0.1063 0.4157 -0.2566 / -0.222644 0.880999 -0.417458 / 0.827068 0.397389 0.397544 / 0 -0.428206 -0.903681 / 0.4375 0.1875 / 1 1 1 1
-0.0542 0.4157 -0.2724 / -0.137376 0.880866 -0.452993 / 0.732732 0.398104 0.551921 / 0.176147 -0.428314 -0.886295 / 0.4688 0.1875 / 1 1 1 1
0 0.4157 -0.2778 / -0.0469353 0.880835 -0.471091 / 0.613424 0.397624 0.682353 / 0.345671 -0.42815 -0.834985 / 0.5 0.1875 / 1 1 1 1
0.0542 0.4157 -0.2724 / 0.0468863 0.8811 -0.470599 / 0.465062 0.397689 0.790924 / 0.502169 -0.428048 -0.7514 / 0.5313 0.1875 / 1 1 1 1
0.1063 0.4157 -0.2566 / 0.137391 0.880838 -0.453044 / 0.304439 0.39769 0.86554 / 0.639474 -0.42817 -0.638548 / 0.5625 0.1875 / 1 1 1 1
0.1543 0.4157 -0.231 / 0.222727 0.880904 -0.417613 / 0.127184 0.398456 0.908326 / 0.7514 -0.428048 -0.502169 / 0.5938 0.1875 / 1 1 1 1
0.1964 0.4157 -0.1964 / 0.300413 0.880987 -0.365532 / -0.0495561 0.397133 0.916422 / 0.834985 -0.42815 -0.345671 / 0.625 0.1875 / 1 1 1 1
0.231 0.4157 -0.1543 / 0.365618 0.880927 -0.300484 / -0.229324 0.398142 0.888197 / 0.886494 -0.427963 -0.176002 / 0.6563 0.1875 / 1 1 1 1
0.2566 0.4157 -0.1063 / 0.417458 0.880999 -0.222644 / -0.397544 0.397389 0.827068 / 0.903681 -0.428206 0 / 0.6875 0.1875 / 1 1 1 1
0.2724 0.4157 -0.0542 / 0.452993 0.880866 -0.137376 / -0.551921 0.398104 0.732732 / 0.886295 -0.428314 0.176147 / 0.7188 0.1875 / 1 1 1 1
0.2778 0.4157 0 / 0.471091 0.880835 -0.0469353 / -0.682353 0.397624 0.613424 / 0.834985 -0.42815 0.345671 / 0.75 0.1875 / 1 1 1 1
0.2724 0.4157 0.0542 / 0.470599 0.8811 0.0468863 / -0.790924 0.397689 0.465062 / 0.7514 -0.428048 0.502169 / 0.7813 0.1875 / 1 1 1 1
0.2566 0.4157 0.1063 / 0.453044 0.880838 0.137391 / -0.86554 0.39769 0.304439 / 0.638548 -0.42817 0.639474 / 0.8125 0.1875 / 1 1 1 1
0.231 0.4157 0.1543 / 0.417613 0.880904 0.222727 / -0.908326 0.398456 0.127184 / 0.502169 -0.428048 0.7514 / 0.8438 0.1875 / 1 1 1 1
0.1964 0.4157 0.1964 / 0.365532 0.880987 0.300414 / -0.916422 0.397133 -0.0495561 / 0.345671 -0.42815 0.834985 / 0.875 0.1875 / 1 1 1 1
0.1543 0.4157 0.231 / 0.300484 0.880927 0.365618 / -0.888197 0.398142 -0.229324 / 0.176002 -0.427963 0.886494 / 0.9063 0.1875 / 1 1 1 1
0.1063 0.4157 0.2566 / 0.222644 0.880999 0.417458 / -0.827068 0.397389 -0.397544 / -0 -0.428206 0.903681 / 0.9375 0.1875 / 1 1 1 1
0.0542 0.4157 0.2724 / 0.137376 0.880866 0.452993 / -0.732732 0.398104 -0.551921 / -0.176147 -0.428314 0.886295 / 0.9688 0.1875 / 1 1 1 1
-0 0.4157 0.2778 / 0.0469353 0.880835 0.471091 / -0.613424 0.397624 -0.682353 / -0.345671 -0.42815 0.834985 / 1 0.1875 / 1 1 1 1
-0.069 0.3536 0.3468 / -0.0623338 0.772044 0.632505 / -0.55413 0.500315 -0.665301 / -0.59655 -0.536895 0.59655 / 0.0313 0.25 / 1 1 1 1
-0 0.3536 0.3536 / -0.0623338 0.772044 0.632505 / -0.55413 0.500315 -0.665301 / -0.59655 -0.536895 0.59655 / 0 0.25 / 1 1 1 1
-0.1353 0.3536 0.3266 / -0.185164 0.772246 0.607742 / -0.415472 0.498928 -0.760562 / -0.70135 -0.537039 0.46872 / 0.0625 0.25 / 1 1 1 1
-0.1964 0.3536 0.294 / -0.299244 0.771944 0.560852 / -0.257266 0.500746 -0.826479 / -0.779126 -0.537 0.323411 / 0.0938 0.25 / 1 1 1 1
-0.25 0.3536 0.25 / -0.403354 0.771928 0.491358 / -0.0938354 0.499253 -0.86136 / -0.827467 -0.536945 0.164283 / 0.125 0.25 / 1 1 1 1
-0.294 0.3536 0.1964 / -0.491237 0.772057 0.403254 / 0.0784752 0.500311 -0.862282 / -0.843697 -0.53682 -0 / 0.1563 0.25 / 1 1 1 1
-0.3266 0.3536 0.1353 / -0.560893 0.771906 0.299265 / 0.243615 0.499364 -0.831436 / -0.827194 -0.53733 -0.164401 / 0.1875 0.25 / 1 1 1 1
-0.3468 0.3536 0.069 / -0.60808 0.771955 0.185267 / 0.400095 0.499563 -0.768349 / -0.779683 -0.536788 -0.322419 / 0.2187 0.25 / 1 1 1 1
-0.3536 0.3536 -0 / -0.632214 0.772284 0.0623051 / 0.544652 0.500178 -0.673183 / -0.701789 -0.536713 -0.468435 / 0.25 0.25 / 1 1 1 1
-0.3468 0.3536 -0.069 / -0.632505 0.772044 -0.0623338 / 0.664184 0.499213 -0.556459 / -0.59655 -0.536895 -0.59655 / 0.2812 0.25 / 1 1 1 1
-0.3266 0.3536 -0.1353 / -0.607742 0.772246 -0.185164 / 0.7612 0.500029 -0.412972 / -0.46872 -0.537039 -0.70135 / 0.3125 0.25 / 1 1 1 1
-0.294 0.3536 -0.1964 / -0.560852 0.771944 -0.299243 / 0.826339 0.499644 -0.259846 / -0.323411 -0.537 -0.779126 / 0.3437 0.25 / 1 1 1 1
-0.25 0.3536 -0.25 / -0.491358 0.771928 -0.403354 / 0.860995 0.500356 -0.0912786 / -0.164283 -0.536945 -0.827466 / 0.375 0.25 / 1 1 1 1
-0.1964 0.3536 -0.294 / -0.403254 0.772057 -0.491237 / 0.862282 0.500311 0.0784756 / 0 -0.53682 -0.843697 / 0.4063 0.25 / 1 1 1 1
-0.1353 0.3536 -0.3266 / -0.299265 0.771906 -0.560893 / 0.831437 0.499364 0.243615 / 0.1644 -0.53733 -0.827194 / 0.4375 0.25 / 1 1 1 1
-0.069 0.3536 -0.3468 / -0.185268 0.771955 -0.60808 / 0.766625 0.500666 0.40202 / 0.322419 -0.536788 -0.779683 / 0.4688 0.25 / 1 1 1 1
0 0.3536 -0.3536 / -0.0623051 0.772284 -0.632214 / 0.67525 0.499076 0.543103 / 0.468435 -0.536713 -0.701789 / 0.5 0.25 / 1 1 1 1
0.069 0.3536 -0.3468 / 0.0623338 0.772044 -0.632505 / 0.55413 0.500315 0.665301 / 0.59655 -0.536895 -0.59655 / 0.5313 0.25 / 1 1 1 1
0.1353 0.3536 -0.3266 / 0.185164 0.772246 -0.607742 / 0.415472 0.498928 0.760562 / 0.70135 -0.537039 -0.46872 / 0.5625 0.25 / 1 1 1 1
0.1964 0.3536 -0.294 / 0.299244 0.771944 -0.560852 / 0.257265 0.500746 0.826479 / 0.779126 -0.537 -0.323411 / 0.5938 0.25 / 1 1 1 1
0.25 0.3536 -0.25 / 0.403354 0.771928 -0.491358 / 0.0938356 0.499253 0.86136 / 0.827467 -0.536945 -0.164283 / 0.625 0.25 / 1 1 1 1
0.294 0.3536 -0.1964 / 0.491237 0.772057 -0.403254 / -0.0784756 0.500311 0.862282 / 0.843697 -0.53682 0 / 0.6563 0.25 / 1 1 1 1
0.3266 0.3536 -0.1353 / 0.560893 0.771906 -0.299265 / -0.243615 0.499364 0.831437 / 0.827194 -0.53733 0.164401 / 0.6875 0.25 / 1 1 1 1
0.3468 0.3536 -0.069 / 0.60808 0.771955 -0.185268 / -0.40202 0.500666 0.766625 / 0.779683 -0.536788 0.322419 / 0.7188 0.25 / 1 1 1 1
0.3536 0.3536 0 / 0.632214 0.772284 -0.0623051 / -0.543103 0.499076 0.67525 / 0.701789 -0.536713 0.468435 / 0.75 0.25 / 1 1 1 1
0.3468 0.3536 0.069 / 0.632505 0.772044 0.0623338 / -0.665301 0.500315 0.55413 / 0.59655 -0.536895 0.59655 / 0.7813 0.25 / 1 1 1 1
0.3266 0.3536 0.1353 / 0.607742 0.772246 0.185164 / -0.760562 0.498928 0.415472 / 0.46872 -0.537039 0.70135 / 0.8125 0.25 / 1 1 1 1
0.294 0.3536 0.1964 / 0.560852 0.771944 0.299244 / -0.826479 0.500746 0.257265 / 0.323411 -0.537 0.779126 / 0.8438 0.25 / 1 1 1 1
0.25 0.3536 0.25 / 0.491358 0.771928 0.403354 / -0.86136 0.499253 0.0938356 / 0.164283 -0.536945 0.827467 / 0.875 0.25 / 1 1 1 1
0.1964 0.3536 0.294 / 0.403254 0.772057 0.491237 / -0.862282 0.500311 -0.0784756 / -0 -0.53682 0.843697 / 0.9063 0.25 / 1 1 1 1
0.1353 0.3536 0.3266 / 0.299265 0.771906 0.560893 / -0.831437 0.499364 -0.243615 / -0.1644 -0.53733 0.827194 / 0.9375 0.25 / 1 1 1 1
0.069 0.3536 0.3468 / 0.185268 0.771955 0.60808 / -0.766625 0.500666 -0.40202 / -0.322419 -0.536788 0.779683 / 0.9688 0.25 / 1 1 1 1
-0 0.3536 0.3536 / 0.0623051 0.772284 0.632214 / -0.67525 0.499076 -0.543103 / -0.468435 -0.536713 0.701789 / 1 0.25 / 1 1 1 1
-0.0811 0.2778 0.4077 / -0.0760843 0.631901 0.771306 / -0.616562 0.578116 -0.534447 / -0.656736 -0.613817 0.438094 / 0.0313 0.3125 / 1 1 1 1
-0 0.2778 0.4157 / -0.0760843 0.631901 0.771306 / -0.616562 0.578116 -0.534447 / -0.656736 -0.613817 0.438094 / 0 0.3125 / 1 1 1 1
-0.1591 0.2778 0.3841 / -0.224461 0.631867 0.741864 / -0.5033 0.576722 -0.643491 / -0.72949 -0.613711 0.301998 / 0.0625 0.3125 / 1 1 1 1
-0.231 0.2778 0.3457 / -0.364813 0.632709 0.683075 / -0.364896 0.577793 -0.730072 / -0.774475 -0.61343 0.154571 / 0.0938 0.3125 / 1 1 1 1
-0.294 0.2778 0.294 / -0.491306 0.632605 0.59869 / -0.217522 0.576471 -0.787633 / -0.789788 -0.61338 -0 / 0.125 0.3125 / 1 1 1 1
-0.3457 0.2778 0.231 / -0.598648 0.632671 0.491272 / -0.0574386 0.577829 -0.814134 / -0.774572 -0.613506 -0.153781 / 0.1563 0.3125 / 1 1 1 1
-0.3841 0.2778 0.1591 / -0.683199 0.632536 0.36488 / 0.100152 0.576119 -0.811207 / -0.72949 -0.613711 -0.301998 / 0.1875 0.3125 / 1 1 1 1
-0.4077 0.2778 0.0811 / -0.741221 0.632689 0.224267 / 0.257133 0.576231 -0.775784 / -0.656503 -0.613599 -0.438748 / 0.2187 0.3125 / 1 1 1 1
-0.4157 0.2778 -0 / -0.771338 0.631862 0.0760874 / 0.403732 0.578226 -0.708982 / -0.557865 -0.613733 -0.558675 / 0.25 0.3125 / 1 1 1 1
-0.4077 0.2778 -0.0811 / -0.771306 0.631901 -0.0760843 / 0.533422 0.576585 -0.618878 / -0.438094 -0.613817 -0.656736 / 0.2812 0.3125 / 1 1 1 1
-0.3841 0.2778 -0.1591 / -0.741864 0.631867 -0.224461 / 0.644047 0.578252 -0.500827 / -0.301998 -0.613711 -0.72949 / 0.3125 0.3125 / 1 1 1 1
-0.3457 0.2778 -0.231 / -0.683075 0.632709 -0.364813 / 0.73001 0.576265 -0.36743 / -0.154571 -0.61343 -0.774475 / 0.3437 0.3125 / 1 1 1 1
-0.294 0.2778 -0.294 / -0.59869 0.632605 -0.491306 / 0.787198 0.577999 -0.215024 / 0 -0.61338 -0.789788 / 0.375 0.3125 / 1 1 1 1
-0.231 0.2778 -0.3457 / -0.491272 0.632671 -0.598648 / 0.814134 0.577829 -0.0574383 / 0.153781 -0.613506 -0.774572 / 0.4063 0.3125 / 1 1 1 1
-0.1591 0.2778 -0.3841 / -0.36488 0.632536 -0.683199 / 0.811207 0.576119 0.100151 / 0.301998 -0.613711 -0.72949 / 0.4375 0.3125 / 1 1 1 1
-0.0811 0.2778 -0.4077 / -0.224267 0.632689 -0.741221 / 0.774036 0.577759 0.258966 / 0.438748 -0.613599 -0.656503 / 0.4688 0.3125 / 1 1 1 1
0 0.2778 -0.4157 / -0.0760874 0.631862 -0.771338 / 0.711054 0.576695 0.402274 / 0.558675 -0.613733 -0.557865 / 0.5 0.3125 / 1 1 1 1
0.0811 0.2778 -0.4077 / 0.0760843 0.631901 -0.771306 / 0.616562 0.578116 0.534447 / 0.656736 -0.613817 -0.438094 / 0.5313 0.3125 / 1 1 1 1
0.1591 0.2778 -0.3841 / 0.224461 0.631867 -0.741864 / 0.5033 0.576722 0.643491 / 0.72949 -0.613711 -0.301998 / 0.5625 0.3125 / 1 1 1 1
0.231 0.2778 -0.3457 / 0.364813 0.632709 -0.683075 / 0.364896 0.577793 0.730072 / 0.774475 -0.61343 -0.154571 / 0.5938 0.3125 / 1 1 1 1
0.294 0.2778 -0.294 / 0.491306 0.632605 -0.59869 / 0.217522 0.576471 0.787633 / 0.789788 -0.61338 0 / 0.625 0.3125 / 1 1 1 1
0.3457 0.2778 -0.231 / 0.598648 0.632671 -0.491272 / 0.0574383 0.577829 0.814134 / 0.774572 -0.613506 0.153781 / 0.6563 0.3125 / 1 1 1 1
0.3841 0.2778 -0.1591 / 0.683199 0.632536 -0.36488 / -0.100151 0.576119 0.811207 / 0.72949 -0.613711 0.301998 / 0.6875 0.3125 / 1 1 1 1
0.4077 0.2778 -0.0811 / 0.741221 0.632689 -0.224267 / -0.258966 0.577759 0.774036 / 0.656503 -0.613599 0.438748 / 0.7188 0.3125 / 1 1 1 1
0.4157 0.2778 0 / 0.771338 0.631862 -0.0760874 / -0.402274 0.576695 0.711054 / 0.557865 -0.613733 0.558675 / 0.75 0.3125 / 1 1 1 1
0.4077 0.2778 0.0811 / 0.771306 0.631901 0.0760843 / -0.534447 0.578116 0.616562 / 0.438094 -0.613817 0.656736 / 0.7813 0.3125 / 1 1 1 1
0.3841 0.2778 0.1591 / 0.741864 0.631867 0.224461 / -0.643491 0.576722 0.5033 / 0.301998 -0.613711 0.72949 / 0.8125 0.3125 / 1 1 1 1
0.3457 0.2778 0.231 / 0.683075 0.632709 0.364813 / -0.730072 0.577793 0.364896 / 0.154571 -0.61343 0.774475 / 0.8438 0.3125 / 1 1 1 1
0.294 0.2778 0.294 / 0.59869 0.632605 0.491306 / -0.787633 0.57647 0.217522 / -0 -0.61338 0.789788 / 0.875 0.3125 / 1 1 1 1
0.231 0.2778 0.3457 / 0.491272 0.632671 0.598648 / -0.814134 0.577829 0.0574383 / -0.153781 -0.613506 0.774572 / 0.9063 0.3125 / 1 1 1 1
0.1591 0.2778 0.3841 / 0.36488 0.632536 0.683199 / -0.811207 0.576119 -0.100151 / -0.301998 -0.613711 0.72949 / 0.9375 0.3125 / 1 1 1 1
0.0811 0.2778 0.4077 / 0.224267 0.632689 0.741221 / -0.774036 0.577759 -0.258966 / -0.438748 -0.613599 0.656503 / 0.9688 0.3125 / 1 1 1 1
-0 0.2778 0.4157 / 0.0760874 0.631862 0.771338 / -0.711054 0.576695 -0.402274 / -0.558675 -0.613733 0.557865 / 1 0.3125 / 1 1 1 1
-0.0901 0.1913 0.4531 / -0.0858332 0.469379 0.878815 / -0.65906 0.634754 -0.403395 / -0.691055 -0.663444 0.286853 / 0.0313 0.375 / 1 1 1 1
-0 0.1913 0.4619 / -0.0858332 0.469379 0.878815 / -0.65906 0.634754 -0.403395 / -0.691055 -0.663444 0.286853 / 0 0.375 / 1 1 1 1
-0.1768 0.1913 0.4268 / -0.256225 0.469987 0.844666 / -0.56999 0.632284 -0.524717 / -0.733866 -0.663316 0.146467 / 0.0625 0.375 / 1 1 1 1
-0.2566 0.1913 0.3841 / -0.416554 0.469526 0.778478 / -0.453751 0.634642 -0.625571 / -0.748044 -0.663649 -0 / 0.0938 0.375 / 1 1 1 1
-0.3266 0.1913 0.3266 / -0.560632 0.468907 0.682508 / -0.326275 0.632453 -0.702529 / -0.733512 -0.66369 -0.146549 / 0.125 0.375 / 1 1 1 1
-0.3841 0.1913 0.2566 / -0.682635 0.4686 0.560736 / -0.181355 0.634691 -0.751184 / -0.691055 -0.663444 -0.286853 / 0.1563 0.375 / 1 1 1 1
-0.4268 0.1913 0.1768 / -0.778717 0.469015 0.416682 / -0.032476 0.633142 -0.773354 / -0.622062 -0.663481 -0.415731 / 0.1875 0.375 / 1 1 1 1
-0.4531 0.1913 0.0901 / -0.844902 0.469524 0.256297 / 0.119294 0.632451 -0.765359 / -0.52914 -0.663342 -0.52914 / 0.2187 0.375 / 1 1 1 1
-0.4619 0.1913 -0 / -0.878484 0.470004 0.0858009 / 0.268659 0.634458 -0.724765 / -0.41573 -0.663481 -0.622062 / 0.25 0.375 / 1 1 1 1
-0.4531 0.1913 -0.0901 / -0.878815 0.469379 -0.0858332 / 0.402616 0.632881 -0.661334 / -0.286853 -0.663444 -0.691055 / 0.2812 0.375 / 1 1 1 1
-0.4268 0.1913 -0.1768 / -0.844666 0.469987 -0.256225 / 0.525037 0.634157 -0.56761 / -0.146467 -0.663316 -0.733866 / 0.3125 0.375 / 1 1 1 1
-0.3841 0.1913 -0.2566 / -0.778478 0.469526 -0.416554 / 0.625725 0.63277 -0.456149 / 0 -0.663649 -0.748044 / 0.3437 0.375 / 1 1 1 1
-0.3266 0.1913 -0.3266 / -0.682508 0.468907 -0.560632 / 0.701913 0.634327 -0.323957 / 0.146549 -0.66369 -0.733512 / 0.375 0.375 / 1 1 1 1
-0.2566 0.1913 -0.3841 / -0.560736 0.468599 -0.682635 / 0.751184 0.634692 -0.181355 / 0.286853 -0.663444 -0.691055 / 0.4063 0.375 / 1 1 1 1
-0.1768 0.1913 -0.4268 / -0.416682 0.469015 -0.778717 / 0.773354 0.633142 -0.0324762 / 0.415731 -0.663481 -0.622062 / 0.4375 0.375 / 1 1 1 1
-0.0901 0.1913 -0.4531 / -0.256297 0.469524 -0.844902 / 0.763558 0.634324 0.120882 / 0.52914 -0.663342 -0.52914 / 0.4688 0.375 / 1 1 1 1
0 0.1913 -0.4619 / -0.0858009 0.470004 -0.878484 / 0.726844 0.632586 0.267455 / 0.622062 -0.663481 -0.41573 / 0.5 0.375 / 1 1 1 1
0.0901 0.1913 -0.4531 / 0.0858333 0.469379 -0.878815 / 0.659059 0.634754 0.403395 / 0.691055 -0.663444 -0.286853 / 0.5313 0.375 / 1 1 1 1
0.1768 0.1913 -0.4268 / 0.256225 0.469987 -0.844666 / 0.569991 0.632284 0.524717 / 0.733866 -0.663316 -0.146466 / 0.5625 0.375 / 1 1 1 1
0.2566 0.1913 -0.3841 / 0.416554 0.469526 -0.778478 / 0.453751 0.634642 0.625571 / 0.748044 -0.663649 0 / 0.5938 0.375 / 1 1 1 1
0.3266 0.1913 -0.3266 / 0.560632 0.468907 -0.682508 / 0.326275 0.632453 0.70253 / 0.733512 -0.66369 0.146549 / 0.625 0.375 / 1 1 1 1
0.3841 0.1913 -0.2566 / 0.682635 0.4686 -0.560736 / 0.181355 0.634692 0.751184 / 0.691055 -0.663444 0.286853 / 0.6563 0.375 / 1 1 1 1
0.4268 0.1913 -0.1768 / 0.778717 0.469015 -0.416682 / 0.0324762 0.633142 0.773354 / 0.622062 -0.663481 0.415731 / 0.6875 0.375 / 1 1 1 1
0.4531 0.1913 -0.0901 / 0.844902 0.469524 -0.256297 / -0.120882 0.634324 0.763558 / 0.52914 -0.663342 0.52914 / 0.7188 0.375 / 1 1 1 1
0.4619 0.1913 0 / 0.878484 0.470004 -0.0858009 / -0.267455 0.632586 0.726844 / 0.41573 -0.663481 0.622062 / 0.75 0.375 / 1 1 1 1
0.4531 0.1913 0.0901 / 0.878815 0.469379 0.0858332 / -0.403395 0.634755 0.659059 / 0.286853 -0.663444 0.691055 / 0.7813 0.375 / 1 1 1 1
0.4268 0.1913 0.1768 / 0.844666 0.469987 0.256225 / -0.524717 0.632284 0.569991 / 0.146466 -0.663316 0.733866 / 0.8125 0.375 / 1 1 1 1
0.3841 0.1913 0.2566 / 0.778478 0.469526 0.416554 / -0.625571 0.634642 0.453751 / -0 -0.663649 0.748044 / 0.8438 0.375 / 1 1 1 1
0.3266 0.1913 0.3266 / 0.682508 0.468907 0.560632 / -0.70253 0.632453 0.326275 / -0.146549 -0.66369 0.733512 / 0.875 0.375 / 1 1 1 1
0.2566 0.1913 0.3841 / 0.560736 0.468599 0.682635 / -0.751184 0.634692 0.181355 / -0.286853 -0.663444 0.691055 / 0.9063 0.375 / 1 1 1 1
0.1768 0.1913 0.4268 / 0.416682 0.469015 0.778717 / -0.773354 0.633142 0.0324762 / -0.415731 -0.663481 0.622062 / 0.9375 0.375 / 1 1 1 1
0.0901 0.1913 0.4531 / 0.256297 0.469524 0.844902 / -0.763558 0.634324 -0.120882 / -0.52914 -0.663342 0.52914 / 0.9688 0.375 / 1 1 1 1
-0 0.1913 0.4619 / 0.0858009 0.470004 0.878484 / -0.726844 0.632586 -0.267455 / -0.622062 -0.663481 0.41573 / 1 0.375 / 1 1 1 1
-0.0957 0.0975 0.481 / -0.0935688 0.28944 0.952612 / -0.686083 0.674617 -0.272364 / -0.707015 -0.692978 0.141108 / 0.0313 0.4375 / 1 1 1 1
-0 0.0975 0.4904 / -0.0935688 0.28944 0.952612 / -0.686083 0.674617 -0.272364 / -0.707015 -0.692978 0.141108 / 0 0.4375 / 1 1 1 1
-0.1877 0.0975 0.4531 / -0.27782 0.289075 0.916107 / -0.621823 0.672785 -0.40087 / -0.721003 -0.692932 -0 / 0.0625 0.4375 / 1 1 1 1
-0.2724 0.0975 0.4077 / -0.452248 0.289121 0.84373 / -0.528932 0.674748 -0.514729 / -0.706645 -0.69334 -0.141181 / 0.0938 0.4375 / 1 1 1 1
-0.3468 0.0975 0.3468 / -0.606463 0.288565 0.7409 / -0.422069 0.672861 -0.607549 / -0.666309 -0.692902 -0.275536 / 0.125 0.4375 / 1 1 1 1
-0.4077 0.0975 0.2724 / -0.740559 0.290024 0.606183 / -0.291237 0.67443 -0.678473 / -0.599291 -0.693138 -0.400512 / 0.1563 0.4375 / 1 1 1 1
-0.4531 0.0975 0.1877 / -0.843892 0.288515 0.452334 / -0.157418 0.672839 -0.722846 / -0.50997 -0.693264 -0.509231 / 0.1875 0.4375 / 1 1 1 1
-0.481 0.0975 0.0957 / -0.916088 0.289139 0.277814 / -0.0121137 0.672571 -0.739934 / -0.400512 -0.693138 -0.599291 / 0.2187 0.4375 / 1 1 1 1
-0.4904 0.0975 -0 / -0.952752 0.288975 0.0935825 / 0.133239 0.67446 -0.72619 / -0.275671 -0.693243 -0.665898 / 0.25 0.4375 / 1 1 1 1
-0.481 0.0975 -0.0957 / -0.952612 0.28944 -0.0935688 / 0.271941 0.672502 -0.688323 / -0.141108 -0.692978 -0.707015 / 0.2812 0.4375 / 1 1 1 1
-0.4531 0.0975 -0.1877 / -0.916107 0.289074 -0.27782 / 0.400845 0.674901 -0.619542 / 0 -0.692932 -0.721003 / 0.3125 0.4375 / 1 1 1 1
-0.4077 0.0975 -0.2724 / -0.84373 0.289121 -0.452247 / 0.5152 0.672634 -0.531162 / 0.141181 -0.69334 -0.706645 / 0.3437 0.4375 / 1 1 1 1
-0.3468 0.0975 -0.3468 / -0.7409 0.288565 -0.606463 / 0.606655 0.674977 -0.41997 / 0.275536 -0.692902 -0.666309 / 0.375 0.4375 / 1 1 1 1
-0.2724 0.0975 -0.4077 / -0.606183 0.290024 -0.740559 / 0.678473 0.67443 -0.291237 / 0.400512 -0.693138 -0.599291 / 0.4063 0.4375 / 1 1 1 1
-0.1877 0.0975 -0.4531 / -0.452334 0.288515 -0.843892 / 0.722847 0.672839 -0.157418 / 0.509231 -0.693264 -0.50997 / 0.4375 0.4375 / 1 1 1 1
-0.0957 0.0975 -0.481 / -0.277814 0.289139 -0.916088 / 0.738025 0.674685 -0.0108674 / 0.599291 -0.693138 -0.400512 / 0.4688 0.4375 / 1 1 1 1
0 0.0975 -0.4904 / -0.0935825 0.288975 -0.952752 / 0.728303 0.672345 0.13239 / 0.665898 -0.693243 -0.275671 / 0.5 0.4375 / 1 1 1 1
0.0957 0.0975 -0.481 / 0.0935688 0.28944 -0.952612 / 0.686083 0.674617 0.272364 / 0.707015 -0.692978 -0.141108 / 0.5313 0.4375 / 1 1 1 1
0.1877 0.0975 -0.4531 / 0.27782 0.289075 -0.916107 / 0.621823 0.672785 0.40087 / 0.721003 -0.692932 0 / 0.5625 0.4375 / 1 1 1 1
0.2724 0.0975 -0.4077 / 0.452248 0.289121 -0.84373 / 0.528932 0.674748 0.514729 / 0.706645 -0.69334 0.141181 / 0.5938 0.4375 / 1 1 1 1
0.3468 0.0975 -0.3468 / 0.606463 0.288565 -0.7409 / 0.42207 0.672861 0.607549 / 0.666309 -0.692902 0.275535 / 0.625 0.4375 / 1 1 1 1
0.4077 0.0975 -0.2724 / 0.740559 0.290024 -0.606183 / 0.291237 0.67443 0.678473 / 0.599291 -0.693138 0.400512 / 0.6563 0.4375 / 1 1 1 1
0.4531 0.0975 -0.1877 / 0.843892 0.288515 -0.452334 / 0.157418 0.672839 0.722847 / 0.50997 -0.693264 0.509231 / 0.6875 0.4375 / 1 1 1 1
0.481 0.0975 -0.0957 / 0.916088 0.289139 -0.277814 / 0.0108674 0.674685 0.738025 / 0.400512 -0.693138 0.599291 / 0.7188 0.4375 / 1 1 1 1
0.4904 0.0975 0 / 0.952752 0.288975 -0.0935825 / -0.13239 0.672345 0.728303 / 0.275671 -0.693243 0.665898 / 0.75 0.4375 / 1 1 1 1
0.481 0.0975 0.0957 / 0.952612 0.28944 0.0935688 / -0.272364 0.674617 0.686083 / 0.141108 -0.692978 0.707015 / 0.7813 0.4375 / 1 1 1 1
0.4531 0.0975 0.1877 / 0.916107 0.289075 0.27782 / -0.40087 0.672785 0.621823 / -0 -0.692932 0.721003 / 0.8125 0.4375 / 1 1 1 1
0.4077 0.0975 0.2724 / 0.84373 0.289121 0.452248 / -0.514729 0.674748 0.528932 / -0.141181 -0.69334 0.706645 / 0.8438 0.4375 / 1 1 1 1
0.3468 0.0975 0.3468 / 0.7409 0.288565 0.606463 / -0.607549 0.672861 0.42207 / -0.275536 -0.692902 0.666309 / 0.875 0.4375 / 1 1 1 1
0.2724 0.0975 0.4077 / 0.606183 0.290024 0.740559 / -0.678473 0.67443 0.291237 / -0.400512 -0.693138 0.599291 / 0.9063 0.4375 / 1 1 1 1
0.1877 0.0975 0.4531 / 0.452334 0.288515 0.843892 / -0.722847 0.672839 0.157418 / -0.509231 -0.693264 0.50997 / 0.9375 0.4375 / 1 1 1 1
0.0957 0.0975 0.481 / 0.277814 0.289139 0.916088 / -0.738025 0.674685 0.0108674 / -0.599291 -0.693138 0.400512 / 0.9688 0.4375 / 1 1 1 1
-0 0.0975 0.4904 / 0.0935825 0.288975 0.952752 / -0.728303 0.672345 -0.13239 / -0.665898 -0.693243 0.275671 / 1 0.4375 / 1 1 1 1
-0.0975 0 0.4904 / -0.0975208 0.0975208 0.990444 / -0.699228 0.701469 -0.137915 / -0.707107 -0.707107 -0 / 0.0313 0.5 / 1 1 1 1
-0 0 0.5 / -0.0975208 0.0975208 0.990444 / -0.699228 0.701469 -0.137915 / -0.707107 -0.707107 -0 / 0 0.5 / 1 1 1 1
-0.1913 0 0.4619 / -0.28934 0.0971514 0.952284 / -0.661505 0.698768 -0.272278 / -0.693365 -0.707145 -0.138528 / 0.0625 0.5 / 1 1 1 1
-0.2778 0 0.4157 / -0.468916 0.0965544 0.877949 / -0.594096 0.701063 -0.39441 / -0.653258 -0.706911 -0.271164 / 0.0938 0.5 / 1 1 1 1
-0.3536 0 0.3536 / -0.630681 0.0980944 0.769817 / -0.506683 0.699313 -0.504216 / -0.588676 -0.706847 -0.392209 / 0.125 0.5 / 1 1 1 1
-0.4157 0 0.2778 / -0.769849 0.0976797 0.630707 / -0.396371 0.701362 -0.592437 / -0.499663 -0.70707 -0.500388 / 0.1563 0.5 / 1 1 1 1
-0.4619 0 0.1913 / -0.877825 0.0979936 0.46885 / -0.274803 0.698688 -0.660544 / -0.39299 -0.706947 -0.588035 / 0.1875 0.5 / 1 1 1 1
-0.4904 0 0.0975 / -0.952331 0.0966379 0.289354 / -0.141935 0.699228 -0.700667 / -0.270364 -0.706715 -0.653802 / 0.2187 0.5 / 1 1 1 1
-0.5 0 -0 / -0.990466 0.0972913 0.097523 / -0.00121896 0.701729 -0.712443 / -0.137747 -0.706861 -0.693811 / 0.25 0.5 / 1 1 1 1
-0.4904 0 -0.0975 / -0.990444 0.0975208 -0.0975208 / 0.137915 0.699228 -0.70147 / 0 -0.707107 -0.707107 / 0.2812 0.5 / 1 1 1 1
-0.4619 0 -0.1913 / -0.952284 0.0971513 -0.28934 / 0.27184 0.701009 -0.65931 / 0.138528 -0.707146 -0.693365 / 0.3125 0.5 / 1 1 1 1
-0.4157 -0 -0.2778 / -0.877949 0.0965544 -0.468916 / 0.395268 0.698821 -0.596164 / 0.271164 -0.706911 -0.653258 / 0.3437 0.5 / 1 1 1 1
-0.3536 -0 -0.3536 / -0.769817 0.0980944 -0.630681 / 0.502972 0.701555 -0.504816 / 0.392209 -0.706847 -0.588676 / 0.375 0.5 / 1 1 1 1
-0.2778 -0 -0.4157 / -0.630707 0.0976798 -0.769849 / 0.592437 0.701362 -0.396371 / 0.500388 -0.70707 -0.499663 / 0.4063 0.5 / 1 1 1 1
-0.1913 -0 -0.4619 / -0.46885 0.0979936 -0.877825 / 0.660545 0.698687 -0.274804 / 0.588035 -0.706947 -0.39299 / 0.4375 0.5 / 1 1 1 1
-0.0975 -0 -0.4904 / -0.289354 0.0966379 -0.952331 / 0.698595 0.701471 -0.141078 / 0.653802 -0.706715 -0.270364 / 0.4688 0.5 / 1 1 1 1
0 -0 -0.5 / -0.097523 0.0972913 -0.990466 / 0.714643 0.699487 -0.00165587 / 0.693811 -0.706861 -0.137747 / 0.5 0.5 / 1 1 1 1
0.0975 -0 -0.4904 / 0.0975208 0.0975208 -0.990444 / 0.699228 0.70147 0.137915 / 0.707107 -0.707107 0 / 0.5313 0.5 / 1 1 1 1
0.1913 -0 -0.4619 / 0.28934 0.0971514 -0.952284 / 0.661505 0.698767 0.272278 / 0.693365 -0.707145 0.138528 / 0.5625 0.5 / 1 1 1 1
0.2778 -0 -0.4157 / 0.468916 0.0965544 -0.877949 / 0.594096 0.701064 0.39441 / 0.653258 -0.706911 0.271164 / 0.5938 0.5 / 1 1 1 1
0.3536 -0 -0.3536 / 0.630681 0.0980945 -0.769817 / 0.506683 0.699313 0.504216 / 0.588676 -0.706847 0.392209 / 0.625 0.5 / 1 1 1 1
0.4157 -0 -0.2778 / 0.769849 0.0976798 -0.630707 / 0.396371 0.701362 0.592437 / 0.499663 -0.70707 0.500388 / 0.6563 0.5 / 1 1 1 1
0.4619 0 -0.1913 / 0.877825 0.0979936 -0.46885 / 0.274804 0.698687 0.660545 / 0.39299 -0.706947 0.588035 / 0.6875 0.5 / 1 1 1 1
0.4904 0 -0.0975 / 0.952331 0.0966379 -0.289354 / 0.141078 0.701471 0.698595 / 0.270364 -0.706715 0.653802 / 0.7188 0.5 / 1 1 1 1
0.5 0 0 / 0.990466 0.0972913 -0.097523 / 0.00165587 0.699487 0.714643 / 0.137747 -0.706861 0.693811 / 0.75 0.5 / 1 1 1 1
0.4904 0 0.0975 / 0.990444 0.0975208 0.0975208 / -0.137915 0.70147 0.699228 / -0 -0.707107 0.707107 / 0.7813 0.5 / 1 1 1 1
0.4619 0 0.1913 / 0.952284 0.0971514 0.28934 / -0.272278 0.698767 0.661505 / -0.138528 -0.707145 0.693365 / 0.8125 0.5 / 1 1 1 1
0.4157 0 0.2778 / 0.877949 0.0965544 0.468916 / -0.39441 0.701064 0.594096 / -0.271164 -0.706911 0.653258 / 0.8438 0.5 / 1 1 1 1
0.3536 0 0.3536 / 0.769817 0.0980945 0.630681 / -0.504216 0.699313 0.506683 / -0.392209 -0.706847 0.588676 / 0.875 0.5 / 1 1 1 1
0.2778 0 0.4157 / 0.630707 0.0976798 0.769849 / -0.592437 0.701362 0.396371 / -0.500388 -0.70707 0.499663 / 0.9063 0.5 / 1 1 1 1
0.1913 0 0.4619 / 0.46885 0.0979936 0.877825 / -0.660545 0.698687 0.274804 / -0.588035 -0.706947 0.39299 / 0.9375 0.5 / 1 1 1 1
0.0975 0 0.4904 / 0.289354 0.0966379 0.952331 / -0.698595 0.701471 0.141078 / -0.653802 -0.706715 0.270364 / 0.9688 0.5 / 1 1 1 1
-0 0 0.5 / 0.097523 0.0972913 0.990466 / -0.714643 0.699487 0.00165587 / -0.693811 -0.706861 0.137747 / 1 0.5 / 1 1 1 1
-0.0957 -0.0975 0.481 / -0.097287 -0.097523 0.990467 / -0.699345 0.714782 0.00168663 / -0.693811 -0.706861 -0.137747 / 0.0313 0.5625 / 1 1 1 1
-0 -0.0975 0.4904 / -0.097287 -0.097523 0.990467 / -0.699345 0.714782 0.00168663 / -0.693811 -0.706861 -0.137747 / 0 0.5625 / 1 1 1 1
-0.1877 -0.0975 0.4531 / -0.288837 -0.0971568 0.952436 / -0.687986 0.712883 -0.135919 / -0.653802 -0.706715 -0.270364 / 0.0625 0.5625 / 1 1 1 1
